Rocks
0,1
0,2
0,3
0,4
0,7
1,0
1,5
1,6
1,15
2,0
2,3
2,4
2,5
2,6
2,7
2,11
2,14
3,0
3,2
3,8
3,12
3,13
4,0
4,2
4,8
5,0
5,1
5,3
5,4
5,5
5,6
5,7
5,8
6,0
6,1
6,2
6,13
7,0
7,1
7,2
7,3
7,4
7,5
7,12
7,13
8,4
8,5
8,6
8,7
8,12
9,6
9,7
9,8
9,11
10,4
10,11
10,15
11,5
11,10
11,15
12,3
12,15
13,2
13,3
13,6
13,7
14,10
14,11
15,4
15,9
15,10
15,11
15,12

MyBase
2,12

EnemyBase
12,2

EnemyTower
1,1 F T
1,4 F T
3,3 F K
3,4 F K
3,5 F K
3,6 F K
3,7 F K
4,1 F T
4,3 F K
4,4 F K
4,5 F K
4,6 F K
4,7 F K
8,0 F S
8,1 F S
8,2 F S
8,3 F S
9,0 F S
9,1 F S
9,2 W T
10,0 W T
10,1 W T
10,2 W T
11,0 W T
11,6 W T
11,7 W T
11,8 W C
12,0 W T
13,9 W T
13,10 W T
14,9 W T
15,0 F S
15,1 F S
15,2 F S
15,3 F S
15,6 W T
15,7 W T

###END_OF_MAP_FILE###